22.68762
22.42612
22.07782
21.55621
22.42612
22.30997
21.90387
22.6004
22.51324
22.86209
22.51324
21.38248
23.03671
19.73557
19.99527
22.07782
21.38248
21.26669
20.68842
21.99085
20.94858
21.38248
19.30276
21.64307
22.19388
18.43741
21.64307
19.47586
22.30997
19.73557
21.64307
21.4693
20.20316
23.82422
20.77512
22.68762
21.72998
21.4693
20.34177
21.151
20.20316
20.68842
19.90872
18.52396
20.45731
24.1752
20.86185
21.03531
20.57285
24.76175
20.13385
21.4693
19.82214
20.45731
19.64896
20.45731
21.72998
19.21622
19.82214
18.35086
20.34177
21.72998
19.73557
20.27246
20.77512
19.90872
23.64893
20.86185
19.90872
19.82214
22.51324
19.04315
19.56244
21.55621
21.90387
19.1297
18.52396
18.9566
17.91809
19.38934
20.86185
18.72586
19.30276
18.26434
19.21622
19.04315
21.03531
19.1297
17.77957
19.82214
16.64719
18.9566
18.14893
20.27246
18.03351
19.30276
19.47586
18.72586
17.77957
18.61051
17.7103
20.68842
18.35086
18.72586
20.77512
18.35086
18.14893
18.35086
19.30276
16.27103
18.14893
19.90872
17.84882
17.77957
17.91809
16.64719
18.84125
21.64307
18.61051
19.21622
18.14893
15.92349
19.64896
19.21622
19.56244
20.77512
17.91809
14.67465
17.77957
21.55621
16.09732
17.13858
19.82214
16.76285
18.35086
19.30276
18.14893
14.26657
16.4447
17.57175
17.84882
18.26434
13.82846
18.03351
17.64099
16.27103
16.4447
19.04315
17.91809
18.43741
17.45624
16.35788
17.05185
16.64719
16.87848
17.13858
17.77957
17.45624
17.7103
18.03351
20.68842
17.64099
18.26434
17.45624
16.76285
15.72061
14.93073
15.07031
13.91614
16.96518
17.34073
14.09143
14.26657
17.77957
17.57175
17.22522
18.14893
16.96518
19.82214
19.04315
16.5315
17.84882
17.91809
18.72586
16.18421
15.37244
16.87848
17.57175
17.22522
17.05185
16.76285
16.18421
18.26434
17.57175
16.96518
15.07031
15.37244
16.96518
21.55621
16.64719
15.25626
19.04315
19.64896
17.91809
17.22522
15.00052
15.00052
20.45731
17.05185
14.44153
16.96518
16.5315
16.76285
14.00381
16.4447
17.45624
16.96518
16.87848
17.05185
16.96518
17.13858
19.99527
17.64099
16.35788
17.34073
17.22522
18.35086
16.4447
12.68405
16.76285
16.5315
16.09732
18.84125
15.14005
18.03351
16.5315
17.64099
16.64719
16.5315
17.34073
15.72061
16.4447
16.76285
17.22522
16.4447
15.48853
16.87848
15.00052
21.72998
17.34073
18.26434
15.25626
19.21622
16.35788
16.4447
16.5315
15.60461
16.5315
19.56244
16.76285
18.72586
15.83655
16.01044
14.93073
16.09732
16.64719
17.64099
16.4447
16.27103
16.4447
16.4447
19.73557
16.35788
18.35086
16.64719
16.5315
16.35788
16.35788
19.04315
16.4447
16.64719
17.84882
14.26657
16.5315
16.96518
18.03351
16.01044
16.87848
17.34073
16.76285
16.5315
19.38934
16.35788
16.64719
17.05185
15.60461
15.83655
16.64719
16.5315
16.96518
15.07031
16.09732
15.48853
15.48853
14.67465
16.09732
12.86063
17.13858
16.27103
15.92349
15.83655
16.09732
16.4447
17.77957
16.87848
16.76285
17.05185
15.14005
19.64896
15.48853
15.83655
15.14005
14.35407
17.57175
12.3302
15.60461
16.87848
15.14005
15.92349
15.72061
15.25626
15.48853
17.77957
17.34073
17.77957
15.60461
16.09732
12.3302
15.25626
15.72061
16.09732
16.09732
17.84882
12.86063
15.37244
15.72061
15.00052
11.54843
15.60461
14.67465
15.72061
15.60461
16.27103
18.14893
15.72061
14.93073
14.79105
15.48853
13.30124
15.25626
15.72061
14.93073
15.60461
15.25626
14.44153
15.00052
17.45624
17.34073
16.01044
15.60461
15.60461
15.72061
17.64099
18.61051
16.96518
16.76285
15.07031
15.60461
17.57175
15.48853
15.48853
14.8609
13.21323
17.77957
15.48853
15.48853
14.67465
15.48853
13.50647
13.91614
14.93073
18.14893
14.8609
15.37244
14.67465
15.37244
16.18421
15.92349
14.55811
14.09143
14.44153
15.60461
13.30124
16.4447
15.00052
17.34073
14.93073
10.72577
14.8609
15.37244
13.21323
15.14005
17.05185
15.07031
15.14005
15.72061
15.48853
15.00052
14.93073
14.79105
18.72586
15.37244
15.72061
15.72061
13.38922
17.84882
14.93073
15.48853
14.79105
15.92349
13.82846
14.8609
15.25626
15.14005
15.07031
15.83655
15.00052
15.37244
17.7103
15.60461
14.44153
15.07031
15.72061
17.84882
15.48853
14.93073
14.79105
14.93073
14.8609
15.72061
15.00052
15.60461
15.72061
15.37244
13.50647
16.76285
17.34073
16.96518
15.25626
15.48853
18.72586
17.64099
16.18421
13.74066
15.00052
15.07031
15.48853
15.14005
16.96518
14.26657
16.18421
15.48853
15.48853
17.45624
15.72061
14.67465
15.14005
15.07031
15.72061
14.8609
15.48853
15.48853
15.60461
14.55811
17.64099
15.37244
14.93073
16.09732
17.57175
16.09732
15.00052
12.94885
15.48853
16.01044
13.03702
16.5315
13.91614
16.27103
16.4447
18.03351
12.09378
13.12515
18.14893
14.8609
